1556
1450
387
4479
1215
2054
2852
2674
4242
2911
2798
506
3937
9
2677
2980
1220
2110
1855
1174
90
1309
3030
3190
1058
1219
864
327
2238
2631
4322
2233
867
427
802
1277
72
3562
1672
523
1625
115
2386
1181
327
1300
1374
722
1260
901
2589
4359
87
68
1450
735
3817
2084
2228
145
381
1524
2701
2673
418
143
703
636
1168
299
1950
4631
2183
2677
4481
1672
1406
227
1740
142
232
1228
1064
3008
697
2186
1463
2278
390
3038
1553
261
607
1086
1985
1665
2023
3034
646
2131
804
1181
3300
2338
1665
3103
363
370
1232
381
4361
949
4516
180
3588
1505
947
2303
4305
534
2773
1881
484
4564
3136
377
4484
2206
128
2610
2340
3652
2032
3754
1535
1247
642
715
272
733
4001
4615
976
2974
589
1674
1492
3283
2577
3002
641
163
174
61
2958
3049
1111
676
2484
1679
431
1139
2185
677
1915
1347
1073
2318
604
644
138
3251
2544
1616
1179
947
3612
97
3590
3811
658
1168
1931
345
4159
4473
124
3497
2419
364
1906
2130
811
1875
907
2252
854
979
599
487
1569
1398
680
1361
2081
3196
1434
667
1170
1350
3285
339
2080
1211
1388
825
507
1648
1395
904
1632
937
3095
146
3282
4692
695
1368
1753
3262
29
1746
1614
3751
2849
3133
3002
3058
3501
525
886
3483
794
1134
3425
73
1587
452
2562
2838
1307
43
424
79
1853
3393
157
1609
2548
3815
206
3677
1939
245
1272
293
2778
1103
475
758
326
725
1325
935
967
836
1046
8
213
2054
68
2560
51
1045
2252
560
685
2710
2266
835
1447
624
145
1633
3661
210
98
595
2389
1373
2454
2971
802
3274
2210
3754
2161
1832
1471
1772
3911
937
1307
944
1443
2080
3222
930
2248
896
859
1382
1705
2257
53
4357
3873
615
3558
2190
2763
367
1713
2755
942
1985
120
1493
1011
2
3700
2674
3216
912
2992
1682
3503
493
1137
761
77
895
3158
2805
2821
1112
1091
810
807
4893
755
599
461
1768
2102
1145
668
3642
3716
241
2662
1354
2728
2148
2604
980
3566
900
3303
61
3414
1025
980
2127
1112
588
1125
188
101
2521
2891
1295
1496
1000
1635
180
2309
3671
843
156
84
2428
2051
1877
4207
608
26
788
694
4496
2488
1164
2968
4534
1988
668
542
2152
1641
1843
509
1505
2241
3650
2493
1616
523
2428
2670
1938
1087
2144
3009
1003
1338
1786
1089
1274
3032
1481
100
795
283
1428
1588
285
2571
133
515
2011
73
3133
4764
1112
1811
62
2067
1314
1782
384
72
94
3125
468
88
1495
1347
599
2887
3286
422
2378
4736
169
822
4547
2627
1153
1337
186
881
408
4015
2327
1047
3001
386
33
654
156
2637
514
484
3127
403
2882
1477
1233
273
1738
851
2272
132
342
231
1738
513
1461
206
940
1175
2603
1537
298
1109
1145
3936
431
1001
2184
321
1342
1180
2250
1668
2069
1172
884
1993
1049
274
151
2495
2360
329
4805
849
3801
852
714
23
1628
789
3620
2357
3225
1563
1667
62
118
351
2080
1775
1539
1712
2872
4520
1056
1596
245
1353
713
1664
345
1487
715
1920
3114
1770
406
2721
512
1550
3382
2310
1297
771
651
3971
2252
2645
2177
1405
284
1795
1067
3678
1013
51
741
3524
1356
460
3558
2859
1761
2790
95
1908
1675
199
1709
2264
533
1048
3495
1207
34
1802
2925
659
2441
1247
1352
243
2399
4088
368
3171
757
470
276
210
2885
165
196
2105
160
1833
121
3326
3719
1256
2227
951
2911
1966
448
395
2282
1665
2902
1060
182
1890
1108
3868
2024
4745
1
1690
2718
700
89
3250
1420
342
2792
3939
1253
3936
4193
581
1737
4230
132
1076
824
1078
1866
1215
2155
3479
2062
258
2446
1139
580
4962
755
2267
301
1718
4417
1987
3184
3022
444
2723
482
1084
2398
3543
586
1620
4735
546
408
1882
2891
1210
347
1393
2515
464
467
1532
2928
1409
3815
904
2437
1814
12
571
443
730
1340
2459
1078
1220
4150
2525
2029
219
1356
650
1618
2082
2095
2299
1228
2263
130
1656
30
484
1241
91
2142
1144
3982
675
2567
874
369
748
1337
617
2515
283
2167
3923
3590
1668
3569
2729
417
3499
3530
1548
1498
2140
57
991
458
2014
2805
1384
2039
623
1035
929
883
579
2835
435
1102
1590
1441
2112
837
448
2018
1023
4794
2847
1574
23
599
2654
2935
4233
2104
1522
2670
228
3859
429
1323
738
1079
2042
2349
1275
205
1657
299
1050
2239
1707
1759
256
868
30
1115
2890
3234
3431
3219
3399
610
593
2250
122
4536
3928
428
4937
179
947
78
1059
44
556
4755
1177
2365
1851
3678
1314
669
1769
4218
1044
2660
284
451
1555
29
2983
768
381
2006
2218
990
870
4617
1648
1378
3009
1436
502
3696
2035
167
1899
2385
3195
1175
2831
2270
1735
2354
1776
2721
3696
1682
3226
2410
3016
1921
952
1157
1392
898
3383
1811
2988
2270
2186
4643
618
521
1778
279
3138
779
2607
2131
2771
575
1102
1612
1021
76
1456
3681
3768
638
530
3697
1591
2580
267
2454
2702
698
2130
912
3616
815
57
1861
1253
3948
4253
1902
3406
4388
1227
71
2729
41
1280
1683
976
1457
1510
893
2173
2476
3633
536
1274
3512
3117
1491
3399
233
33
548
1852
1431
780
628
1740
1230
2580
3275
292
1694
3305
618
1865
3420
2075
27
321
535
4231
128
2175
1956
143
2656
368
2902
683
2282
730
2615
3519
826
1335
1770
1165
1824
2862
409
3827
2467
2347
1282
65
1721
1407
46
3009
1191
172
246
55
1311
656
2869
473
1868
3694
2080
241
796
3008
622
2706
3749
1418
2750
4131
653
2845
2388
12
1818
2908
964
1507
1974
1686
4358
2390
408
2207
1621
3424
2380
363
523
298
1509
3835
3482
2076
1360
3422
591
3027
2883
1374
2640
584
2188
1616
461
769
184
190
2244
3435
760
2261
4194
1857
1889
460
1722
1181
2144
1692
1810
3434
1393
1089
2507
2015
1206
3592
1239
1565
2961
124
584
340
2102
3387
405
331
226
1510
624
1110
21
2534
2288
113
1285
2357
978
561
1956
3118
427
2798
2728
153
445
2328
2368
3305
3657
624
1566
1443
920
39
421
1705
163
604
1899
774
785
309
392
2705
1860
4603
988
2695
4367
2526
3232
3686
1128
779
569
1506
2053
387
395
3
1559
3203
3095
2142
3145
416
2269
1459
1187
1120
954
1761
1158
869
448
282
116
1803
588
1170
101
3617
2969
2382
1723
1245
633
2173
1215
920
2476
665
1211
2834
905
3831
2434
3443
1803
1888
340
1003
199
3438
679
1608
933
2701
1052
1440
1865
635
1915
68
1905
388
603
128
3765
1049
3119
411
1945
772
3763
206
211
4110
1058
212
685
3852
2667
3751
1564
4070
268
362
484
2646
1099
382
1393
258
1250
1283
1163
531
285
761
1648
917
2782
1026
773
345
2098
972
2425
395
3100
1984
670
1326
2797
228
2365
773
2561
3714
1603
1202
618
3048
357
1511
2449
3875
834
1644
928
51
583
4040
2025
1474
677
294
10
3721
944
1846
2067
347
2821
1922
989
1242
1778
1424
1607
554
1844
395
3626
424
45
630
1506
1294
2662
132
2781
3964
2215
45
2325
349
497
1442
576
26
5
438
818
3554
1011
564
51
1982
1917
650
376
4204
2828
559
1203
1090
2877
4785
1586
3670
2000
2277
2069
1135
916
1073
2075
375
330
3552
2106
1976
2311
3107
1374
373
314
1304
746
1377
251
2319
69
246
1503
1912
1525
3424
376
1926
120
2217
225
719
1309
324
4204
1781
4011
2300
344
4047
489
3307
430
1005
2064
1945
1579
535
4010
1963
761
2717
3459
2046
1478
66
220
1150
300
994
2415
2412
2546
2624
1222
1074
964
1404
3911
703
3970
1695
149
922
1571
1980
586
3017
2966
2551
1984
1738
4424
319
8
2740
2582
1155
1710
2054
58
1060
861
2479
2092
253
1620
609
3332
3086
1920
2678
55
696
2568
1461
2200
257
866
3981
421
1808
4470
2385
1686
3909
1644
2669
1707
2093
3264
2431
2172
283
1402
1922
840
1915
1671
1800
1936
782
601
826
1170
4576
914
116
54
3634
418
1615
181
1112
1499
1319
